,Tweet,HS,Abusive
